url_path,views_total,views_unique
/EarthSciML/GasChem.jl/commits,12,12
/EarthSciML/GasChem.jl,1,1
